<?xml version="1.0" encoding="utf-8"?>
<opencv_storage>
   <camera-matrix type_id="opencv-matrix">
      <rows>3</rows>
      <cols>3</cols>
      <dt>d</dt>
      <data>1770.9092447243358000 0.0000000000000000 658.3322927080313300 
0.0000000000000000 1770.4674387717612000 509.7109755958856600 
0.0000000000000000 0.0000000000000000 1.0000000000000000 
</data>
   </camera-matrix>
   <distortion type_id="opencv-matrix">
      <rows>5</rows>
      <cols>1</cols>
      <dt>d</dt>
      <data>-0.1095240528216078 0.4460183741401466 -0.0002432200218329 0.0002377739820065 -3.6877542479016396 </data>
   </distortion>
</opencv_storage>