<?xml version="1.0" encoding="utf-8"?>
<opencv_storage>
   <camera-matrix type_id="opencv-matrix">
      <rows>3</rows>
      <cols>3</cols>
      <dt>d</dt>
      <data>1769.6484559856692000 0.0000000000000000 657.1355435307058300 
0.0000000000000000 1769.6904545930317000 505.0778811439057000 
0.0000000000000000 0.0000000000000000 1.0000000000000000 
</data>
   </camera-matrix>
   <distortion type_id="opencv-matrix">
      <rows>5</rows>
      <cols>1</cols>
      <dt>d</dt>
      <data>-0.0780923487597422 -0.8363248211845182 -0.0012851833016348 -0.0001497422248364 13.4504907987761650 </data>
   </distortion>
</opencv_storage>