<?xml version="1.0" encoding="utf-8"?>
<opencv_storage>
   <camera-matrix type_id="opencv-matrix">
      <rows>3</rows>
      <cols>3</cols>
      <dt>d</dt>
      <data>1756.8552249983354000 0.0000000000000000 639.4156031327636400 
0.0000000000000000 1760.7599362513020000 400.5914600410067100 
0.0000000000000000 0.0000000000000000 1.0000000000000000 
</data>
   </camera-matrix>
   <distortion type_id="opencv-matrix">
      <rows>5</rows>
      <cols>1</cols>
      <dt>d</dt>
      <data>-0.0964717923401780 0.0234431592545934 0.0018643140821775 -0.0038453278436214 0.3731883698486993 </data>
   </distortion>
</opencv_storage>
